D=4.0**2-4*1.0*-8.0
D>0

There are 2 roots for this equation

x1=1.4641016151377544
x2=-5.464101615137754